00001100000011110011110000000011
00011100000110010110010000000111
00110100001110111110110000001101
01111100011011100011110000011111
11000100111110100110010000110001
11001101100011101110110001110011
11011111100110111011110011010111
11110000101111101110010111111101
10010001111000111010111100000111
10110011001001101111100100001101
11110111011011111000101100011111
10011101111110001001111100110001
10110111000010011011000101110011
11111101000110111111001111010111
10000111001111100001011001111101
10001101011000100011111011000111
10011111111001100110001111001101
10110000001011101110011001011111
11110000011110111010111011110001
10010000110011101111101110010011
10110001110110111000111010110111
11110011011111101001101111111101
10010111110000111011111000000111
10111100010001101110001000001101
11100100110011111010011000011111
10101101110110001110111000110001
11111111011110011011101001110011
10000001110010111110111011010111
10000011010111100011101111111101
10000111111100100110111000000111
10001100000101101111101000001101
10011100001111111000111000011111
10110100011000001001101000110001
11111100111000011011111001110011
10000101101000111110001011010111
10001111111001100010011111111101
10011000001011100110110000000111
10111000011110101111110000001101
11101000110011111000010000011111
10111001110110001000110000110001
11101011011110011001110001110011
10111111110010111011010011010111
11100000010111101111110111111101
10100000111100111000011100000111
11100001100101101000110100001101
10100011101111111001111100011111
11100110111000001011000100110001
10101111101000011111001101110011
11111000111000110001011111010111
10001001101001110011110001111101
10011011111011010110010011000111
10111110001111111110110111001101
11100010011000000011111101011111
10100110111000000110000111110001
11101111101000001110001100010011
10111000111000011010011100110111
11101001101000111110110101111101
10111011111001100011111111000111
11101110001011100110000001001101
10111010011110101110000011011111
11101110110011111010000111110001
10111011110110001110001100010011
11101110011110011010011100110111
10111010110010111110110101111101
11101111110111100011111111000111
10111000011100100110000001001101
11101000110101101110000011011111
10111001111111111010000111110001
11101011000000001110001100010011
10111111000000011010011100110111
11100001000000111110110101111101
10100011000001100011111111000111
11100111000011100110000001001101
10101101000110101110000011011111
11111111001111111010000111110001
10000001011000001110001100010011
10000011111000011010011100110111
10000110001000111110110101111101
10001110011001100011111111000111
10011010111011100110000001001101
10111111101110101110000011011111
11100000111011111010000111110001
10100001101110001110001100010011
11100011111010011010011100110111
10100110001110111110110101111101
11101110011011100011111111000111
10111010111110100110000001001101
11101111100011101110000011011111
10111000100110111010000111110001
11101001101111101110001100010011
10111011111000111010011100110111
11101110001001101110110101111101
10111010011011111011111111000111
11101110111110001110000001001101
10111011100010011010000011011111
11101110100110111110000111110001
10111011101111100010001100010011
11101110111000100110011100110111
10111011101001101110110101111101
11101110111011111011111111000111